,1111111 ··

,11111111 11111 111 vincula 111. ζ 1911119 113.
,, 1111111111911. 1111111111
., 1111111191. 1111111111 1 men-'is 11111111111111
‚. 1111111111Ιί 193. ⁴ 11,-11119.
,, 111111111111111111 1111. 11111111111191 M.
.‚ ,11111111111111 11111111 191. 1111111111 111111111111111 119.
.. 111111111111111111111119. fugere,
,, ,11111111111111111111111111111. fugiens 111 111111111111 11111111
,, 11111111111119 115. 111111111111111 111.
. 1111111111. 1
,, 1111111911ήί 111. 1 G·
., 1111111 111. ,11111111 11, 1111.
., 1111111111 111111111111· Ι 11111111111111111111 13.
111111 121. generale, 1111111111 1111, 83, 111911,
11111111 ,11111111 113121. ³ 199, 292.
1111111111 111111 1111111 1111111111 ι genu, 111111111111111111111)3931,
1111111111 128. ; 31, 1912, 111, 118, 113119.
111111911111118. ξ super 1111111111 1111111 1111111111
1111111111111129. , Q 311, 19, 1211.
11111111 11111111 129. Ι flectamus 11111 39, 31, 112.
1111111111111111111 139. ¹ 111111 1111111111 111111111111111111111
,, 111111111111111111911,199. Ι 11 111111 11111111 92, 93, 11111
1111111111 1111111111 1111111111· 1211.
1111131. 1 gero 112
11111111111111111111111111111 11111111 11 1111111111 19, 11.
quo ritu celebrandae 133. ξ 1111111111 1111111111111111 5, 25, 21.
1111111111111111111 8111111111 133. Gloria 1111 1 sex cantatum 45¹.
11111111 gradus 31, 11, 19, 119, 151, 191.
11111115. . aa 1111111111 1111111111, respon·
apostolorum 1111111111 1111. 11111111 1111111111 113, 111, ts,
91111159, 119. 193, 191, 191.
1111111111, 1111111111111, phylacteria 11111111111111111111111 1111111111 ,1.
8, 11,ἷ11,1111, 91, 1111, 10, 12, 911. granatam»,
919111911111, 111111; 11111 1111111 1111, 182.
11111111111111111111111111 115.
11111111119111 111. ¹¹·
11111 19, 1131. 11111191111111, 111111111111, 11111111-
111111 focus 1111111111111 11111111 11111, 11111111111132,1111111,
Domini «18. 191.
1111111 31, 11, 99, 111, 111, 119. 111111111111111, 11111111111111. am·
11111111111111. 1111111111, 1111111111 11, 21,
11111111 31, 19, 191. 21, 31, 18, 99.
snper 1111111111 11111111 11111111 1111111111111 1111111 pulsantur 11
8, 11, 19, 29, 11, 1199112. 111111111111111111 11, 31.
99, 91, 91, 91, 91, 191, 195, heresis,
198, 1111, 121. 1111111111 1.

 

