..xxm-

1911111911111 a 9111911111, quattuor 1 1111111111139111111141.
111111111111111113, 97, 39, 11 post 9911111111 111 11111111
84, 93, 93. 11111, 111111111111141.

cuncti 11111911 111111 1111111 43, nto et retro 11 vertere, 111111,
117, 70, 33, 111, 193. , girato, inclinare 32, 43, 32,
1101111111ῐὶ, qui exponunt 1111· ' 39113135, 145, 117113,
11111118, 14, 93. 1111, 139, 131, 133, 138.
albis incluti, qui 11 19111 in· ⁸¹¹¹¹P¹¹⁰¹¹⁸ 1, 5, 1, 1, 12, 111, 19,
1111111199. 19, 20, 91, 93, 40, 4919,
111111 109103193.
1111111111 9111019111 9, 101 001 51· ’ cum 91111911 1. 1111111 omittitur
11111111911911 1111111111111111111 i„ ,111111 1,
3111113111 1111331111131111113 18, singuli memmi gub um ‘nti-
29341919799191193 ,111111 11, 11, 19, 11, 11, 11,
191111111191957,58,71,75,83 11, 91, 11, 99, 199, 111.
111199311313191131511 1001110* 11111311 sub 1111 1111111911 19,
item 191311911111111993,57, 100. 59, 13, 33, 102

1 Stephani 19. vesperae 1111 1111 1131111911 18,
1. 111111141, 37. 19, 99, 102, 129

1. Crucis 07· 4 111 ,111111311111111,11911311111“
1111111111911111111 1051 ¹⁸3· ter 1111111171, 89, 33, 91, 95,
a 1111311 191181 99, 199, 111, 119, 111191
S. 3111191919111 183. 1111111119 33, 39, 11.

s· Ἥ 9111911111 effi* 91, 1111111191 1, 11, 19, 91,

’1111111 111111111131111, candelabris, de 11311611, 42, 59, 192, 193194.

luminaribus decom· 0101 111 191 11111111 11 matutinae 1911111
93, 91, 57103591011001001 1111111911 39, 33

70, 71, 74, 79, 90, 91, 93, 97, nuptm,
99, 111, 114, 120, 131, 132. 0 h ,dmm ,θ
1301939111111113311911311111138,18, quinque in Μῶα, 7 ω u,
11,11,11,99,119,111,111, ,8, 191 ' ’
192 193131. ,
ritus 1111111111 1111111119 1191111111 1119„
8. 11111111Ιί1 113. · ΔΙ) 1911111111 iniqui· 33.
11111 Absolve 11911111 904.
in 91111111113111111119391111 Accipite Spiritum 11111111,
abbati· 141. 1119111173.
1111111111 37, 30, 104, 133 131111111191111111 117.
11111111 113 9111111, 111111111111133.
131111111111119111111191191111· 11311111111111111111111,193.
dum 192, 199. 13911111111111111 tumn 94.
universnm- 47, 200. 1111111197.
1111111111111111191111119191191· 1111111111, 11111111, 111111 lig· .
1111111 901. 1111 31.
in anniversario 1111111911 209 11111111, crucifixa 33.

 

